125.511864  103.817238  83.123428
159.597229  151.953903  145.428467
220.220032  208.114441  197.402771
148.361801  126.445999  107.546303
150.639801  106.421204  64.214104
180.141739  175.495728  172.746140
207.916534  201.392273  199.167603
164.654129  158.450928  153.285995
190.742661  181.748138  176.006805
164.945068  158.987335  153.728271
148.487869  135.610672  125.654800
145.070267  129.200928  115.482132
200.253998  171.224396  143.805206
149.045334  141.139740  133.713867
143.715332  115.695335  95.163330
149.640137  123.581734  100.196663
186.850403  137.065063  85.633469
144.256805  132.192795  121.525597
156.494003  119.178665  87.829468
105.977203  71.450798  39.182400
130.842270  90.182404  49.363335
